10216
47648878
93894830
58994225
29010646
38085195
35526497
40703506
59787044
37821360
73227291
36671338
51013349
36158473
45079595
77730006
64302310
56583951
98127983
55069530
38569228
11496945
57491003
73170523
42381423
3956973
30633460
93294687
31670338
6869525
52102634
86889914
38990455
10072759
61352208
80998167
17660322
40773931
14977969
4629906
97098424
53645399
60823782
36059701
83656573
52420081
14315262
94032761
70016025
76617410
24714237
58849071
82764882
99008358
82742861
85971664
24410384
67981256
46219020
4350947
27281768
98281041
86207135
35296437
97121310
52486696
7235485
92996861
683414
24938048
9150103
75089997
94980504
60246075
38884635
48615518
34814926
42424479
73331515
1709720
89724872
21314985
41596458
80152803
97569057
10696636
82763322
3960875
91928534
17218276
45295540
19292819
73655043
16860197
39852453
10685410
90519447
4352531
34981802
74964165
33670924
93112534
43015964
59068252
20148359
39069566
85989606
88944873
53070663
41870721
28291112
44843990
72465735
3258777
34272121
15634829
46693446
25521090
55589654
74577902
63891778
6193148
30745726
52486079
4991338
9359677
90025075
72877391
22674341
74335045
83966274
70295852
80693791
99718800
36848568
32358349
26829296
20951815
51868513
32186411
65382283
65073835
98275809
92624250
89902165
71794826
77508835
10258833
94137302
44481665
61024086
1316635
65224214
3521744
43975721
94658222
73593480
31254267
68579606
89449304
88953352
61812373
19690890
72519390
54323797
87950402
44874323
3448172
62717264
70860956
49459478
34524988
2055683
88478636
70007704
25892377
61959569
3512023
96659787
67421652
35029183
79326993
8543923
62061196
35589207
12589391
50817870
21244500
50862492
86962723
87821570
263115
27890763
64594416
30517648
88992313
61246901
10403395
60002757
57482426
73122233
58545104
9361051
90394537
43591050
54433870
2282339
8958292
87031315
76148919
78360351
55030324
90870693
81163281
503752
41973199
78035789
88342681
46847712
36604900
99220694
91448042
22218677
3205924
78183125
64141539
59462080
59458571
5681371
90440546
74372268
42943522
76985505
31720227
90072574
33937530
64165090
22787393
54998451
31680915
13862041
10065040
33962434
20455731
86997394
87636817
48340402
66214744
20798877
25772503
39315902
48409250
62826207
75139848
79614641
23381499
30636208
59857654
84413483
63051086
96553077
82829905
5026330
96051186
37127719
16392467
25619798
34569133
37553148
53439989
55428539
83834434
97933282
43838964
26976524
15122288
47890347
34367327
19271405
39655581
10450760
97393704
25719371
16018650
76379293
95050341
28792284
56236695
27804117
89778730
26172005
9969562
69735649
20495493
2318708
86587781
63639636
29690637
98460343
80292933
28234657
86243916
87582475
73109968
64814111
61050926
54275646
87885048
9470797
42347247
48956671
82045870
41058659
28873824
78281164
57654301
13615528
71393744
51456981
14509570
27986723
25937271
14218548
58698526
21619075
17485910
44677036
43533829
62803453
60663306
24811614
54123286
42284979
71419288
79961565
70546562
90178926
43438311
26168803
63780910
32226953
70849981
44046477
91138995
23325001
60809580
41013160
39886979
56969593
57109259
88844708
87270664
13368920
87084658
42890505
63194106
50592896
42903388
62026511
97600396
95637169
9997513
13822232
23179397
28993934
3799217
14160398
14139496
58868141
86164809
18823484
21531271
91083897
42840790
70622752
18867128
3759972
89513333
85203102
20745832
83279494
12873390
92537793
56280220
87417512
88530577
31951100
64170694
88138528
41816067
85667641
15016037
28727832
2317392
15159878
64593157
8502556
42037430
50109316
80132811
73932276
4331969
77873803
84002633
81014862
8150745
3811053
45469599
93998394
97502808
28006274
55123648
13736197
22001273
42015710
94712496
67929707
65460746
61121643
22699862
46179466
58452674
9820642
48922944
58657385
12052788
35346038
7838376
8800867
49000307
23212311
97918083
99822812
65044183
39583981
23342743
47669343
24174495
59806713
10565806
98375928
92362112
84538136
1180690
1148315
51388174
95153641
18138953
47482880
82653812
1830494
26853225
37130361
82554630
51452030
10730078
32294333
99090110
7548810
22615394
32591705
7862895
94466927
23964565
67329330
93309739
30095722
79311255
11270617
27945419
51291848
77088961
28668780
22654576
20832570
6094648
42676807
50376315
13290494
70018264
76678789
72942188
83260395
80221368
38374311
52723932
99669807
90784812
3254666
57625915
95093975
16918710
75995189
26960109
5749322
44582455
60110662
68068273
64466761
54506652
66658926
8754506
28925736
95123344
24722231
94739952
56209311
32487704
35683182
30804280
16266081
27223441
49168488
58016904
52869409
19863102
55733849
3080576
98133431
74981279
91263233
5558877
45936594
20347621
27234148
86607497
51982909
64315841
30318373
48603850
10358769
5967348
99119326
88527595
3430045
87350867
47133015
68104780
87096879
66859855
77717378
72246446
73546996
7194745
86417544
58709809
39181095
26925809
70737633
7044993
89773301
92496908
20089118
18889335
73432798
58161708
72480336
23906515
97524835
68811534
62903171
13697670
40630572
93133683
76937788
75014668
34389977
98825231
83874182
98228801
12082581
90903428
32760557
79860099
29603744
91427551
53095403
67187817
82125355
80391899
23364632
54562599
7587247
29260095
20855772
6094450
39118211
12026764
14717048
1381221
64683569
56211415
5540118
93148898
54691812
18215448
41665681
77788067
52508760
41931792
96668321
16565064
64579115
61876485
45310194
16281574
38248021
11126250
9092335
36159355
30381173
81627457
27127481
60797405
52500799
38441211
87924248
66901667
17215235
59615761
9324466
61908993
74412396
47439467
29677306
41090020
45298577
42313355
55933385
81759578
55961398
97659470
67896649
85288217
46996428
7394206
96406170
48273685
18155564
49495001
75462436
56520187
54946621
43617297
730957
41921555
88157421
23120198
59279415
19714586
83932445
10391749
94002424
34706277
58439657
82923894
53067337
80263430
11724482
22190927
25293073
32178318
9366914
3006576
98024328
94200604
10261427
8587889
78648822
31119603
96994818
38261973
50169890
70488193
44400655
16365822
39007993
31698433
26902100
53811568
15499156
41821785
37759006
47498887
42438465
6488893
49335614
10009475
52818658
50396030
99774033
2323400
22626367
58714332
26681170
22668505
87827863
16622104
29255455
4993475
56867479
22555804
56160604
64342960
2933547
52920682
32100484
92336440
57445375
85253973
1696397
58432556
86371522
93529142
41304814
55077966
88533701
2460119
73756093
82314904
60305457
26575599
66800882
10151312
85340830
37532864
91720372
45537480
54458967
109463
13359717
56907930
25563901
63113716
62737044
77537600
88673631
45485728
6951891
8963386
44759427
77138367
34499719
80591335
95701437
73585710
98573923
94676362
90493070
76001067
77575509
6770239
53232037
90425980
90668563
21346387
66207749
99940504
23478709
70589998
4384352
33526740
66340234
82158221
49374553
74157154
88170156
38326595
87808486
524633
36642173
61189631
79508693
81758180
56588192
86272189
33523101
15648828
77219358
58166878
23357199
74411123
50431653
85375426
3296799
80988206
915821
29166766
1398595
8231129
14483851
50677051
16162583
8474803
47341157
25154497
35187997
98690490
73298852
41016763
22878981
1575800
56026709
44978304
19141166
49669302
41847655
26032837
66461322
85570311
70626655
16059265
1978598
55037980
22897478
29273399
69787792
8608034
21247549
34447036
29642548
63823371
31120752
41923842
15201407
80431204
63878260
73532653
58662018
14337399
31755709
42468590
27265162
41451924
41831612
9881859
66495142
15768660
77310071
86686861
39082812
635043
94573733
12878743
723421
33538964
16714338
94596734
54979938
21221871
16341825
99508751
26467303
30191595
89555237
8491802
69112059
57736355
39532708
44181615
98772884
38643175
15024261
14043276
235096
29250045
4033800
37111289
46476157
62704528
47468371
15322154
87767188
22614592
70182024
63004743
26632868
43303207
39281364
77843929
35825360
46918503
78821816
14922981
53110665
96090381
29140216
98566629
12291241
28903984
74346088
54885390
21227473
69998800
39877625
62125651
86169394
62017054
12912861
89460698
83676473
33350908
98960001
69535153
6788744
80677256
98864467
94603508
85643181
4457981
60370806
9741182
20373002
60390389
94975566
26326841
97099703
90965632
48571828
34047224
50542624
39244062
97571020
12187072
23484500
51073309
74254253
41622871
16513771
97924119
86400638
66337229
90512562
85455955
77558222
28780653
52333859
33053548
24544156
99361009
63193809
50822474
97152721
6457059
69091064
16476096
86101772
63237190
15534059
54915542
45753104
52078218
19538096
19320078
99584658
36786544
3521251
3359365
90022727
95042291
86064833
62388490
87886834
89301965
30165975
31900500
42495024
78928517
23717524
37266782
79869527
24003948
67543787
2044456
34318561
86121097
43833901
58875717
96469085
49508222
41060571
72117543
84504590
68041005
2370954
64889220
72981002
74365433
58152391
75179566
62328781
60633325
41503738
35159790
47568156
64142192
70611429
44539606
58163164
27981108
20010381
37889285
10634986
24053229
55528187
46017978
35773886
38101109
86041842
50486783
19101430
47228053
23313790
27858956
93012571
70534675
85323491
8076991
63148997
22359527
34861816
92098122
12375990
8460891
4002945
2153732
66920323
82522956
40622120
35144869
78568997
24379961
5139343
70369345
37654298
14399770
60131614
30662630
29537893
64790960
26735270
57826900
86109029
88292893
79578097
35206658
5362369
71231119
56301632
73847180
4052931
21136486
46594653
56405246
79349171
91633077
29019749
90136100
60758141
83940456
2955420
21720961
69057618
46824191
71711165
73218473
30648685
90153069
74222742
78308862
60655658
69121818
15445014
65579810
80809755
21599533
14448053
23310578
71469045
26232593
38944575
17059060
59621814
42889567
64029178
26057982
97739434
50584643
18700433
56529204
80964025
76136220
62303868
35509741
57905464
67265889
16447449
49577221
67440806
50709379
68623371
81968282
56337018
89564357
46788953
3423410
33581471
89998536
51806700
97463061
98882665
26335158
10625037
50095359
61332904
86203779
67969822
77951313
73895861
70081089
22825289
11179486
3047008
89193027
7999254
50566035
95339999
23829136
42909311
47059587
74516153
20390828
38523076
89763706
86556323
82412428
51985889
93900554
47938689
14635447
58822625
69227601
63693101
42440464
55624998
56789396
76988957
50467623
44261921
38815399
62045643
6091263
25181695
38794976
19796370
85353583
11827515
5546615
87933424
53564721
66536460
39957298
85855942
53725055
12374257
16033609
58109709
23874607
66370278
92182484
67823549
35055766
63432587
86080031
55893394
17221679
86921111
69224619
81508892
88089927
34171122
77497834
43354107
86331205
25042923
71864765
46170270
31328713
46972980
89761028
33805022
48496987
94043465
95226598
71185165
44026696
97180640
35853326
89029792
60304683
32617832
34673777
22279051
4730063
80887198
67529931
9912389
51278093
10536035
71379857
7912691
90452173
21801280
45033315
16843428
50032670
29081016
70317419
75400388
16162133
45059213
50931889
89013902
50236994
20048076
5170844
84202810
40874422
1144875
61208840
43400005
53928404
71990930
59455286
50435134
96482208
59160088
84079985
28690645
16702276
51675722
79491636
43424036
85767318
18455458
42210625
67611645
76132683
94777523
30453945
13665766
46722930
93391546
56312965
58246882
16129801
60706920
27611712
46755959
68065643
12835821
96160056
93844462
28322024
45235856
98218851
78175225
5132780
31291163
25490140
7082715
8049206
29010915
47155475
63621050
87811384
43026292
36451481
54472538
34130640
2446619
77755738
84896735
70417837
4035249
58114062
14304111
53003763
91417165
21933983
97512321
59158550
70729811
52947676
9219429
66655143
98562105
1980898
2940578
13852464
72736245
81692580
93316608
37633635
69238680
65676731
76551272
56537773
31843153
68376584
74022319
89985801
9329572
49030941
131520
73723579
45156018
38884249
74017502
61122823
9231418
88375371
21380830
77296130
4956105
60977780
53686036
77966588
2487452
83782554
33971162
19506693
35174485
28380310
58565086
3800892
60047149
77701217
62883156
20613947
81291439
61878322
37934380
15533412
39849214
5831919
5329787
78451187
30368994
62714383
30790537
65589586
66995851
94627458
22826896
87605256
55510061
85588211
47362731
97631820
57186419
41641409
76147443
26620005
83602632
51430695
69619654
98148218
31664365
64452129
61542494
79213565
89133568
13949895
8535014
96653091
36726438
24248909
81771135
38261610
12638754
79109397
1213440
56985849
88969021
55869460
4177303
68408475
13933927
38935526
17673435
15034772
71039687
95770510
14128201
93129543
60382338
2682906
32582980
46012376
77913860
89957388
27354275
59634696
12472982
8848318
93661878
4051236
75325118
43608956
80115866
85122945
71576685
18549307
52002946
91836000
93474665
54591743
16371689
71422743
57625591
5589624
80432830
66862637
13186178
27217716
63989088
81677096
17651390
10839896
53237145
22908376
1109648
27996207
34989929
81622603
57320990
67059519
32977848
73803123
99852886
68403317
60151535
71498290
80771355
50319229
12611020
43219920
85717974
47854298
52901296
64789088
53860668
41121202
51302391
23563550
14286317
10689347
16588117
39303598
48956572
26838063
17268371
66830501
62987458
60813461
53149726
99514983
79291725
18459903
39871738
64217603
70542434
51136872
73049805
80931002
10550998
69543286
58343818
10756704
38217297
24077283
84749887
12418622
25917303
69508373
19297138
33672990
74263360
36563343
65818849
27903915
61979212
77009248
80943826
25754382
48902736
40369175
94474537
97310122
38490191
11188500
47509555
62347413
51882601
24475557
11357171
28513362
15229963
84659568
37299433
18820265
62488082
44867536
4027010
49503997
24340843
32321638
84080335
58875653
48940134
46417938
84577531
31924733
77139367
927012
99431476
85541985
69164343
70187543
62252663
26053867
86294129
62647883
9836497
57685669
5025741
43689853
65310367
4273443
38622517
52664688
39727795
76972032
78483444
69493251
22011905
9191796
50261404
64677600
64888062
48779168
24564355
70131001
70241877
42242872
76264995
79301280
83938086
70033205
26570307
89902856
46152727
25941659
51279736
93894320
76759813
88801214
14949
60730452
85161658
7573128
85564152
38380044
52243934
71762029
36800636
66576910
85729532
46708206
69395920
98265286
78553242
24763078
75995446
68780502
21999029
26843432
65730852
79574905
92962993
91334903
29185278
88530846
14739142
67203282
88325733
31768679
38207706
68862067
94217000
80303875
15926410
46641809
71902673
38561723
31122938
13446359
56144956
13025776
88409048
39201440
68412673
67094855
96146270
96239445
20561265
80939964
94203070
94011737
38687938
44846904
12201690
64790163
59255822
66096554
88578451
42707583
27762268
36243156
20433550
27375376
37835642
85984730
65116039
90291441
37772589
38877442
45723989
69494826
45658917
31984388
41330174
73322609
91709317
78708643
32379336
49003456
20459956
34487466
12939034
60646021
45088691
38706843
36702216
21529525
81671497
75439515
67367360
755653
75211695
17778485
33426439
5765596
68773968
29292639
5060407
44382438
1945225
45828571
92349992
33799279
29655150
76050217
52854700
22427917
54436911
18429413
61119363
55715549
88951156
86388399
74670487
8795907
61741928
95199775
91419282
62427973
44147111
58484360
3526634
10387378
4777805
57883615
85013010
5162609
98721625
15930804
54344613
73265342
78669281
91505160
83359505
25062864
22314984
61546155
66010251
47404911
99571897
89246636
99006487
54017849
46821923
81611507
19428830
77447323
43155065
75526755
72647184
71822753
7279955
82797011
75048828
97744737
89677558
52537474
44997671
24576191
99926683
40459850
37228759
49280811
23093619
31655869
58442156
71718561
49719840
21485827
36345105
22692885
66003410
67727255
30263363
57376800
52656108
21616077
2963351
72848095
75041039
38321180
90076146
24181265
98738113
59458578
1001677
84059691
57293911
73132410
82255807
81598947
30505902
51692054
70577380
91677770
47379978
17608092
7657286
77110968
60832373
97092595
15546590
99207815
8199214
96297153
35357997
70103732
59756656
94268125
88846609
22257135
6244436
43970195
75934627
70287943
86127449
5473403
19412455
6701459
39077016
83225009
94658483
77209255
78394470
66250732
89623952
58476187
41248160
95770488
8313631
90455339
32142674
32771653
58708514
19295015
38863749
90406240
59224582
58836755
93345077
23604776
65557001
28702245
89061763
68093424
46584749
17981411
47549067
44938277
62875291
32887269
93488463
74563707
91774435
13920421
38643374
21708497
77402499
1087018
70650292
13012300
63908786
60730310
35411688
6715038
7556351
2791690
67083932
83180620
71303563
13449044
82674792
62627322
80622286
38910095
73750700
86046384
41768530
33341563
48583442
88016380
3352428
62418815
81377346
35009645
28970747
66271663
57837120
72386905
78557640
81463338
75082026
80780194
71231711
94363694
20259533
20212596
68237770
46897847
51064641
57451798
57280751
57782043
46593122
78262277
37008481
91457667
23492793
81662134
88062622
12047851
93880947
71983170
50014601
87606578
41597285
74799259
3455371
91959993
19669457
2645008
87645435
22764791
32438420
30475416
56972435
79222121
56029287
55618863
8607144
71357935
97027612
48002314
51245386
72753262
69276889
60506921
67001078
49998530
15801844
63051076
13951818
11215493
97305371
86177140
42626355
29945447
42853783
12275618
9705083
19548877
44998580
77595531
73264496
92266811
68522168
83494588
51222541
32253861
19600341
25933610
79420436
83544496
54608753
63568254
98839981
43702614
58748815
60135418
30930005
38637244
48460615
12730805
51553789
44354108
23001477
42546941
62480157
82381557
86450197
42995016
45076389
23103020
9763035
23141789
88569627
518855
73143425
98324729
44911113
52874443
88297165
19695709
58764518
27037987
64876957
48121321
40801864
28560117
83360730
9007660
88606240
46266612
39730842
66038607
22624866
9502985
49249760
20477585
26912388
16075879
5171160
77799062
78661024
5029655
64842735
96195699
78128395
73430268
28498451
69760328
65306932
19732846
68836032
3589508
24165185
8005749
43867499
73928368
19471048
55589829
91482628
26045157
11100342
51028590
65289776
45837584
92968556
32776718
90444964
47086368
7623365
86021460
97099621
72800377
78283921
77163565
61326015
24500646
40378884
25398740
50697571
1859075
45841736
93442104
96532364
25679542
48496199
39292733
87140977
59771782
38795926
67747390
177815
3117446
96499292
7469868
84313627
25349672
42577042
3419368
80879251
47676174
96452587
53149132
93066495
67613312
35162748
29633877
8468895
51814572
84451669
99596744
32283315
93600688
69339913
55842857
16571232
58537653
38884032
2900905
15101478
51392118
12323849
3920543
24881968
31983635
78220851
24371435
16380483
79865897
88307397
40973617
9845243
74675275
59110897
60721979
38037741
32348271
50770823
80783066
58711386
66893919
2598834
34697285
84262353
47948233
65955693
59437325
5992242
6668289
34509640
33579339
93213237
17286704
37624568
31406308
26207582
34270242
77055183
48696019
35645052
94436992
32795457
40510797
63005244
71850302
44017348
42091388
78811408
52394877
38615117
29555914
58238566
24300182
79745156
51407952
16562532
18578968
45903087
21140674
85150189
92324972
85173838
15386927
12225205
49275899
53725511
23434712
86467536
28952516
19367362
11881463
60218399
57807983
71911434
55212236
72257602
15496132
78152029
79729203
27222489
24824840
79906715
60499575
6334085
22834458
54409734
76919277
21236435
13302362
62812104
97091292
59093353
48621591
56427774
38982340
52085955
97116396
41694727
56501919
36100663
26913042
63721761
82367554
11368803
22688490
52776448
18071308
9184417
54111780
96753465
31860189
28206292
20946240
11537104
89963074
70178
14140720
33728430
45964996
73940942
68035524
62829056
29037148
22546047
49926755
70110549
54729530
51358089
27106385
54420501
18980031
57277982
72017353
29087704
81701783
91616107
15423517
14404859
89299203
19060547
37271679
21979394
61931579
54488304
70575901
61905756
19331412
1959771
94563667
5935327
88021588
12967394
26716381
3826406
77176691
73914917
50949487
66463281
10645508
89131139
22489580
77177530
16174652
58359403
50366448
63733238
90771067
38208155
46717052
46121700
17015608
39851762
69384097
64689115
15766083
1593738
92444120
78905622
4927033
33690986
46245480
61584681
40985234
11117470
6805167
30950910
9291492
62185835
4875305
67662567
93186017
94579633
85133944
40199611
29798113
13691579
83586035
72923402
12533581
81134174
25963003
94819524
23718857
2410680
39516472
97087856
14498904
32023881
9423049
67071771
41654414
16409228
63464369
16117162
12886677
72244516
9663212
70316087
1761225
54861043
39161730
67198971
18303030
80272432
40278200
14073546
8928943
57482411
77105338
40418984
80322731
417649
63095112
16779404
5298618
57306642
89177699
76634799
11244883
50103748
26452176
1393050
71413447
67044140
38012321
43940130
97606315
62391507
88573021
30874001
17907385
55989350
6175100
39678490
16219601
80482632
69357176
98382551
98898955
24803409
59406582
36931901
99172714
15451826
34594816
32745598
66762202
79963795
12323024
30829181
44371383
84041902
44261690
58800209
81900578
18573506
10158666
35264205
28629671
79964610
18912493
29685347
33186784
3552992
87459942
40800042
15926778
27360728
72855704
61704745
94509323
67337208
35143778
22614275
67152013
8423974
73461967
48976091
54305098
86929364
68436949
46132260
485727
55099616
81760242
64540771
94040406
59005540
72065658
11991412
72736758
3275168
57448916
70195032
23558700
93420301
35434527
6369662
46621476
29310783
2034660
62818864
47404700
64590059
26224202
41896095
41119794
77047428
69579013
59598329
192846
22781882
16424358
76614930
21484779
72978340
42974172
61522986
65315396
46512194
36110052
57004080
39077398
36630964
54985974
17971267
53325392
62711766
1655534
7597780
70331725
75203224
28115999
90184319
91565485
43019015
71895971
12576511
58359854
68578447
14487717
32274217
19552635
26549247
90754793
64484803
88466369
79225267
34328570
68831823
27378471
64122829
56345634
88426024
86969069
15495000
28982332
89206777
65205038
34282920
19138801
67896043
45865920
44571887
95239419
65576021
36618389
2143120
2325664
34330595
25472119
26817341
52684293
90603605
89434053
60096321
17913382
66220171
52488826
12287777
10623268
36142962
63172736
99091543
22190541
19537348
74124564
96120763
42146203
26305964
10770211
21176672
31484183
81874462
56048528
10278879
62580858
22039891
89043931
26293961
20187091
43064535
57645668
20404303
89021165
36493753
87171483
49295732
39837078
32166277
60925209
15563042
21478371
32741068
94190937
39561643
39881842
57774360
2127351
30004920
30984769
96766541
68487566
51806789
65450869
16676373
64607863
88155811
80543191
27462083
63053164
95529092
37159562
5733952
5852618
84021445
4733406
15056279
92983184
10975826
50843235
21087806
59310664
41368677
84148007
30640595
48585706
22449283
8340701
39691413
41842580
30014731
35429246
52690291
24174054
98722674
69656323
15503073
77307866
78649287
55572685
54387688
62648307
62299427
37180027
93738677
38952254
50217860
78180655
53242509
8085935
72589918
19147685
17790276
22593725
29050865
20249636
13669548
92210487
91584843
53637875
11391470
85635338
21495946
24273191
70155178
96279789
57793223
65099980
1681706
54604674
64583630
84473342
10628167
76483318
73700910
74087738
87738945
33166944
48141347
17728661
46892332
50528560
98775782
19227678
99240791
45545900
33247748
46989649
2615781
32548551
95656435
40862417
79312218
11036742
16816443
80471379
47533263
28283298
51943018
85845277
47291246
87120230
14849081
73893200
61503634
19713789
71868608
5549
82628781
63186624
81703339
50945281
81477408
81167844
33473761
77100841
68393376
11658514
3324701
19655617
97305617
67448974
84572295
69497057
28178742
90759039
26436365
77222952
15120843
11431180
81514466
65884305
87223598
52013426
3032943
38201834
54170341
56855540
90237358
4894147
80524140
55395903
76781131
74283658
29531920
25943188
76817845
1304515
42163789
28842891
71012725
4800664
67400930
38505063
76941666
5819365
30065323
52482851
75806292
43089495
64498090
90719408
9585058
79345830
31059713
29844938
40804659
14995250
8777132
34977174
38487778
50217960
92193883
3958604
22865662
11469174
64566569
34129193
76638472
8766972
89483843
13179387
66729741
66391466
23326515
9498466
14554947
15234287
21359392
10775470
16222191
79747596
99222578
23998025
63263088
12965165
72690194
27020289
18764275
55659334
35880753
10357922
85939912
69533317
41297036
44385826
56435114
58676906
2494275
49735096
11939655
18989748
75081654
20649119
56471647
6187182
17181406
40906845
47342604
99731612
34024931
5461115
91302298
54309360
40015070
2183127
64250461
78325348
33324717
816998
7338321
37899835
73455210
35722891
43947836
97936941
7795098
59809080
3328235
92625202
51345537
39321529
74939424
35029504
58869635
13358288
9396088
1861087
41587635
51420136
43048994
9014891
41261294
18195188
81483982
70341061
95653582
79281109
52985913
13964437
75490949
49179520
17692713
71524647
26335039
19814389
32931543
78206490
63985987
69375238
73793246
12051851
98816727
91673056
25525621
75365491
97810803
59801090
29254119
19730855
45545011
895132
97125447
33340061
76961921
18496056
76445091
86812216
70148778
70456086
81710736
83798546
52249513
14171285
33921311
56994997
53209493
29321134
62678895
81295188
60597741
26777313
64801548
50321497
14818522
55141193
51662230
76643595
93664974
73817059
95612668
96562625
1116921
82041628
20319214
74265131
1169893
655305
60563566
88200323
216580
46324195
68425055
34844195
66562286
6924733
78684563
88126602
68782362
72288048
14915509
30906362
26609849
91799953
39811287
79187974
291142
88616687
90427031
57179099
76248932
2686803
17938217
97345724
42663231
8824844
36468603
53802017
39264359
60445161
51852221
16462588
21198828
26035892
97123514
25785764
52304985
90032797
71793989
20058631
74116098
4353970
18106154
40211330
44716525
66527739
1122508
47786820
65726080
34841478
59672923
42512035
38150091
27576515
90299976
91393920
45353376
59758248
95483390
80356363
88700221
66535067
5241099
35810068
21792730
15393323
31658661
82373785
30694800
68592730
40305514
44667661
20535692
15189513
63493226
92665740
99516829
94121021
90930988
62487554
39750016
6356424
38425423
44222611
91199961
1236914
84938205
75738746
11268102
84495470
47274247
7570073
10748456
76831594
8478911
6726764
59616947
41379283
258013
903364
43249722
34968537
10947219
81021230
75675835
75231330
40978380
29669485
48461785
21296420
10167557
55809261
75179806
68457065
21837552
61358327
72028139
94890177
81338810
37028040
14998319
20532845
15548975
16611428
23837941
16426942
58051883
82996195
91649532
64548287
8337313
77567263
39488318
56625848
93830918
45903727
34921237
97967596
99125551
56984580
95838008
79861105
40177964
18556871
53702649
88231836
64841711
33846267
73319633
2050120
27530453
65799227
95548333
71099839
85830158
57851694
46543987
65703142
75691942
88166751
84818063
4846738
49304526
35216864
5302161
88279264
51068708
95609633
66787636
14029087
47099734
74290687
62117279
16501283
90076209
78990500
13410889
42493545
51028465
51473520
73166591
49457632
62695658
17681321
4072460
65669317
8904637
95416792
82075471
81092787
38102386
18589030
20146203
4959778
26216872
76087865
60819274
58139276
76506871
86455867
78745497
73336414
87261083
86462101
87401693
88391757
21098072
32438394
90790173
86929151
26931716
73279862
15892847
84710189
82895292
97538337
12380336
12395207
98793348
39319182
93662662
11216353
10971978
1576936
88728715
68910964
44133461
93281552
52806290
38486564
55027835
53733640
56464351
10050724
72421481
84437830
79893904
67201056
85557189
91869442
58995931
37511440
4797076
76857725
91445375
28409984
85113448
35976418
39470425
31011787
58416659
25941319
12926937
51259537
54356754
6052601
63500041
9009658
53506952
98639163
19646370
9010829
96792950
29218063
45820599
39248918
26307867
89617015
78601428
88566567
70923007
3946976
97227861
37463042
22141876
45880900
13944365
14227813
72613987
12382374
61381523
37442890
29576711
41170041
73468084
90193863
45280187
26770663
63959608
69351384
91391144
16511754
81863204
10047200
21185687
27338075
54578379
2170130
61936672
613069
15971378
43055932
91400677
9687298
84934965
68533193
3063510
52850600
39606229
61132600
31653258
37225232
90181858
83304515
22124863
43799789
29384362
42071256
11027958
79973259
1985116
83185592
6951607
77771741
41555993
45156756
96714814
79086859
18855414
14316564
52720704
11160685
21466565
2595275
88660803
63061978
66020743
7835976
66674620
26033722
813210
39595126
90189648
79539111
59990353
85679100
93895696
15797719
8289127
12871709
29092073
87448922
41465174
45374835
98416137
42989461
89767030
54096089
68945874
54805953
66687901
4904405
73625465
36243320
16057966
35349303
38564540
89042447
58113521
24660594
83018710
49507413
776411
78380223
71634695
19455467
7263156
44602128
57711015
79508933
31381787
5273236
46300298
50124673
31041039
40699658
30392534
78596831
53766002
14342305
20928964
25548246
40603608
22208146
19363710
13202698
18898344
59359136
88711183
13970040
54836118
80446287
8441324
27389190
67540400
36752686
1504352
27612190
52282793
23708728
80060077
29794968
14428069
5459437
87006491
10121318
62078871
50381145
95275765
80885791
84984798
44577663
14837310
37895264
66810557
13901059
50257551
42467967
55251768
87065019
91864733
93609556
75878224
67508473
92447600
62195812
94308760
22010697
27474303
58613033
24285154
33318494
18300847
14919703
7095013
93349446
87784827
36837739
38673498
13311094
79739494
16152622
57037702
71816717
39478565
64346638
25954940
92890028
30340692
74370065
42473200
95419867
28742375
7047270
26787590
52515057
81530171
67685068
26774141
11436277
31302082
98839347
42259143
57489615
62559206
17552516
66171515
45520795
93786265
54650215
31864656
43655813
77625927
77748924
30621399
84631058
34872372
5742276
8772282
65999291
54424154
50099878
91156581
18167604
40289722
79716427
49725119
38136642
40872891
92076402
43946267
39899298
98674532
43360023
68583769
77510943
55194621
97425853
82356949
48240074
99274078
17752236
29506391
18557464
39628017
75962498
72258056
41990228
19604278
99460781
89840043
33455310
14314947
89888621
55347969
49230788
35218243
29856155
7768395
7055969
48087401
18015232
94713078
11682862
57582864
31686047
46028004
86604831
71731204
77249002
94859452
51328719
80834513
93307249
48728262
87012539
35429484
90929224
61917302
69407853
18350407
10277439
71159149
88529765
82268537
63379227
36416978
11413409
18815877
95576895
33615188
61545166
84461500
16876341
47515772
12778671
32615957
51213000
51994995
52750989
4328078
21883096
41777400
99723699
71766388
14415046
25178748
41059132
68502869
90967068
63635508
55293469
39077422
2086766
55242773
48060103
13820855
93229705
20744691
56594384
86114028
54929816
21397771
66165546
60341830
31159494
87763608
72763718
46631662
47598829
98478866
40304331
70502186
31686390
76548860
12812545
19326843
13647932
72611474
89052464
50322569
71362798
26751884
80583260
4055520
64872232
73902517
58838319
44343189
38242701
35147723
72092345
75283018
70122025
37501766
80042897
79354504
22742761
26928363
71969656
30414624
383263
38447513
84926062
26037696
20760535
12652503
31875672
69398009
28492272
35945192
8743264
56694649
14339002
57815739
9633704
97328656
28068085
87682196
12697882
9875497
26954034
91998808
92535550
12545567
98199048
99548221
75728229
81616306
29611510
43632887
96814852
42843824
4802793
838371
9038578
85483468
32764587
33447753
67078742
52722459
8995000
31192093
17132492
84881497
28062507
68277703
32326340
47600936
44993692
36868367
21598935
49022376
97344790
80812336
22890297
44783939
5483769
93738171
66373873
30627418
83713242
42421412
85939144
43193920
18142157
37525873
14536002
1746612
29676233
24066998
50122625
45556181
79888603
83191145
29290669
82025628
39238890
30112655
84141789
7924222
46762784
58575931
32361719
40266065
67406952
42879065
22359263
60237237
43119047
35782662
1425583
65790452
94731053
34803806
53375567
78999575
49665071
41622038
71054121
20087879
86138556
59497750
62734959
59954536
25870898
70745720
71038189
82302413
83947998
87030267
31191645
65834501
19171500
95890395
44129067
4250110
36762807
84566327
55610310
23930716
44119775
57100705
41328904
72551801
4585428
35529042
35232217
68864734
51064003
47939844
67095801
82948741
39423292
90089279
9136301
50390397
97718863
31733191
89712932
58857823
40488783
45598692
67092190
31859596
27439709
90985858
12931224
24351778
76691116
38175948
95101283
24598688
41871682
71240784
33758291
65928156
22356875
17862749
12882707
33342559
70539556
36094408
58708564
41867250
51508278
19603575
8941645
12350527
30364412
70600759
50060831
41729726
17771967
23623166
27445
60537006
61898137
70231182
50404117
19428178
62510288
94458377
55624654
15789396
32708571
16747345
69355726
33280705
85445332
66287820
98321510
41345896
23486092
70275660
22472962
77516658
16959148
55385280
91060096
18060660
54592614
88306835
50202772
84981401
15845344
31745820
92386986
94011238
79397636
81573812
91082873
60275703
77205250
54188922
98802044
96364672
42416596
48890830
35456033
9081289
66680992
18769475
1466557
70054852
60705626
95183268
5933795
3998608
28396474
29718912
79519901
91971821
56147701
73487488
24026909
56361592
80207223
71579334
28994405
59086847
93495838
20032089
23581368
422337
36895753
35793634
75232003
29754088
99470901
39865372
59922602
640304
29494758
93967100
24129855
73058618
16045485
19470547
15798409
40107697
49414988
18473034
45054719
95836954
36987828
34008172
31691339
72780832
14739133
31521917
51942009
64295706
55643872
32019484
2148420
37351403
67869754
62429014
84985189
43408444
59168166
65229079
65825598
13312096
60468106
32525689
87945495
32164189
90405734
36872061
52410127
5262999
76735098
96571944
28941542
28622531
15402992
32487416
16357571
25556652
18429678
13053086
5707021
10380192
12511468
33521679
17548012
15128743
44600636
98629362
54604214
29942854
28979530
35617991
76185359
94517983
35622959
19692369
84517389
11609978
37901547
23318480
92244123
5877270
43825919
43808939
66285189
12044502
64824530
11862718
32003303
44032952
53582256
13784543
79846725
27088632
14065738
69149632
30484033
65338804
97593855
492810
32369608
73263239
47620554
23987316
85124364
14152552
23785419
96251993
48153426
24142911
52196835
78011692
1400625
49497983
76584036
54920078
4017187
25789959
12764952
11181862
6668257
92606297
90561049
22654484
51373632
39116947
39733938
60604965
33226844
90341362
23897502
39045739
82444667
56445153
31040950
52749062
80155798
54308473
62218349
50405608
65067380
9762111
37906571
66795589
96053060
71918732
79863281
36472998
77306951
51021012
74516986
14337011
7176783
9450494
41342742
16443893
25480751
66937074
6556605
54174207
84719901
92318677
89198870
90318868
22990887
54233395
21542602
27956734
60802398
71377977
46457577
65177655
183285
46302357
66831707
97670021
85573185
50608688
59903090
14138740
46890397
91618757
11353176
81474863
20427753
87245877
82629194
80153249
98196175
84288934
1585897
1845715
62854293
56209636
1801986
75591465
21731737
43111613
64716150
14613815
38897664
57946869
30851187
96127570
14098378
79962816
5140747
16640595
43920924
144120
90857264
59502129
30127024
28748053
94858856
15913821
48837188
24375085
72012773
41403786
43176100
47870450
18083502
63371879
5967262
45732807
53213580
937278
49721517
53556235
37194550
64993275
98149006
23651086
80892549
3461777
74170724
45254459
39494954
12930244
91623826
69991259
60295687
66600506
32067295
87768053
19779181
82810716
43033038
28357058
38226833
50229745
73785336
61052530
94829682
24084823
54129611
37287257
52489813
44613857
99636074
97385144
81807294
80475225
61716594
18670000
79220358
22395239
36770024
40701443
2449477
63089374
31280362
26404896
44523526
70907152
8726638
26364203
21119258
36563183
59292054
62404881
96353713
68900583
53695821
22529139
77332124
66368122
6269770
63120712
30951025
89090296
11865131
45676632
8220953
95570306
82564325
13702722
9235693
65076310
51211876
1529737
34892585
20427352
94969425
15354444
58176375
34878271
5267633
78718059
94238802
75324026
79787625
20276593
99071337
15600773
52234386
91101852
38164538
51961264
26756258
28927514
8869342
31881030
9988517
34379476
76036902
10657961
7066750
98811375
14824426
72758220
5960946
2564776
21383209
46905462
98270481
40903097
63274325
99230477
3741968
96678741
76908589
34675897
91488788
66932535
73921290
88250563
38337219
69491984
92704174
17487161
31171748
6376399
66493093
27419002
49581494
96366077
88886154
26562345
6724091
51489243
31463059
5063174
51016709
86511390
25695763
81701573
31133602
4361861
90511444
47637703
30693798
15604434
42575571
46449812
83276277
65277049
24333267
30485183
69079466
58822039
47315432
325026
23307042
9377732
83197179
14464057
7715830
26224800
97370779
38010725
92277857
80500652
77352610
2477922
58809721
34741499
52850903
72666846
78731437
362744
12801557
38986627
89551066
59821320
26032980
51541836
14660315
11160154
95719491
43524090
62360152
23537595
54066040
57356609
68134515
49113106
66647143
69990912
12428417
21978235
32198079
35669517
24123981
92009834
10348184
68607831
32158099
99108533
96038590
91629152
1234782
895381
91356944
82774342
62949168
50571426
54670976
92825369
46234612
72933351
83711606
41793918
80750166
45198323
69817665
79875713
25841883
66596646
77011158
57238202
29041363
46849392
81400033
98513304
79026016
25306449
81256600
72495720
2546061
89663197
91214518
59607441
59893965
97945741
35446573
12485133
3785329
10096435
38358162
92928188
76994339
6530085
72161130
293500
42283617
54906600
44613880
87241246
42476113
22040490
51396361
41134476
34257444
73483465
14204822
30435047
21261429
39975265
42338867
77364481
10918612
90712654
24681286
62957351
46936049
27258511
83995457
94710549
13489960
75658221
4126469
35372243
28445691
21976365
88703191
10237099
74710497
70641071
12194352
20799299
60457161
6660284
5003225
42088601
30067030
35648930
42852027
55461645
79279759
62960511
45874100
72032912
21522464
20462574
75243457
43585427
52847546
97926334
54297007
56991767
19987437
30939291
81533807
54118036
80127435
96558494
34973291
95088999
67238192
33944104
96447219
64086628
4700330
35443574
5710175
73676974
72958086
12254130
91553800
25940051
31342928
88749920
5167954
974754
57069481
88817250
24167608
18418778
9887615
57470331
37142582
89850438
34485922
5910874
18049408
7593867
87776518
67618530
67542666
18575030
19712305
42745083
68606100
16725184
63052860
6203449
53573429
82073470
2189673
34053991
90315828
96563731
63121365
89993805
94312542
82164816
74077872
38247014
8715136
73460965
15626863
3760743
22318134
91825278
56589092
31432430
40302085
8236633
86777003
64755040
77473471
10565200
24562295
62360672
39839576
24165474
40395132
11309540
23009017
87780014
85781916
53645467
61228411
65306401
93567351
93112534
65306401
93567351
64627026
635927
61021535
58008188
81287116
81005096
11094318
83824633
86956865
30815048
98845625
84844655
74373021
72296968
51629283
25286046
28139534
46074397
71663640
19363563
41257313
69113698
45192409
19857923
68877952
82505795
99521442
31623225
36655515
59203572
23639039
43449839
15267481
92129524
49541618
11955875
58153370
72673600
72704408
64244745
79796809
74854565
19458443
52768604
62899620
83362771
35801777
12892313
94382779
47148006
37175505
45745072
32376988
57392905
99286340
75371006
18487800
86091586
61936471
99990243
86290470
94031246
63238405
45844938
99383712
12729170
71506943
11252990
62706359
39388682
25904560
83454288
69831204
53051656
15468338
89975434
77131301
18350216
16676340
92729576
24521029
60564593
3611645
67988223
52117134
69881630
40136806
83145888
55595631
83235326
65694137
19273374
55890633
89657698
83621508
23257290
76268490
38808189
55171447
52047935
71116569
78263069
38551190
72242767
76495661
89983867
83983572
31730804
10387191
72412023
64025447
28920583
74542678
87713319
13369545
7520532
46615856
83437993
83040040
67769126
31810826
26268066
16514538
51877531
10263439
48736519
45409732
63744029
65801319
29527882
13487030
77024248
34731896
80912260
97919892
4472085
81336365
97071713
51355815
38870717
24105230
8436480
93576883
23547249
79710358
91392267
25006301
89877765
16067802
89037725
62434697
20365260
31323099
18503227
75815958
14259534
42664949
97573902
66087363
44288588
20480814
49234782
15989179
83744736
9404906
46177303
43813281
19631138
93870756
27696562
95415568
55411179
70018732
37519796
92779120
41761929
47434670
82366672
22300016
53555181
76961171
60506363
5125551
68379359
39888663
13469687
5294204
96768500
15545967
28820045
41178679
8923002
48730167
25751385
65028450
18110724
10376504
44071751
44254094
43789596
9332781
80815557
9227095
26877342
77893222
11628254
24001035
79402968
87330373
60760182
54054041
79522939
9433327
61168775
96124763
83093877
77817823
95753186
97142322
97848740
61300648
83641952
56379492
63783526
13038031
30042668
90228494
27894895
61325224
34980729
54820771
12787927
77358448
37145344
94423504
76248276
21352281
66342169
52736883
30646227
50291398
31553988
54968989
14642431
27650321
97010546
31751986
20080217
84245633
40574668
56222921
5586638
89932274
84879166
84994998
82487797
80555160
20825761
72616105
37372262
60551940
88788219
26778025
83725521
85849091
48378480
36329185
87458247
7074601
69979846
75747036
94484398
28460541
6316267
2421792
45674050
24251262
28113543
60593666
41063573
20896396
8211086
48974088
13099671
4243075
81730085
11132047
50862465
78973530
5936610
88685806
73242167
57365413
82786798
14703256
88809522
81896676
88306892
20609855
52018612
19271691
89878618
35576565
68703299
89916191
5588922
50942937
42151650
96414359
26906417
77084306
25182942
39841498
72125844
92457222
73377493
17375468
93110987
69426721
69479838
88361331
27064156
63039689
40970781
64807121
33541008
78883579
17509681
34202647
43604554
14419717
35062131
61961651
86308345
76146922
73776795
8664705
44551901
86156017
38002823
61633952
55437394
43460119
54945929
41828296
21890322
62072820
92863266
76019550
62210103
87807234
36940849
38712949
40449187
38138797
15726088
54719335
23603765
28181621
69088621
24763199
22488341
79709075
82664683
60974731
21974700
98907706
10270515
66692129
67824098
20338464
41709384
78237154
12147352
77756070
64963858
61786481
69268169
71997198
44249009
76428978
72809159
87166525
37013937
22016036
48070219
41579359
93910471
61707073
90980217
7433570
47094997
34045268
32084402
11852709
82269615
81524
71239944
44413323
68403254
42659497
48044788
5196731
25577302
70860754
546509
4379380
31593809
78558550
86616648
95259716
92072808
73994382
38100254
89057227
91050054
97368247
21347567
84576288
20126706
52170241
98121310
99843516
8610257
2927684
33191435
36938929
53381026
27987546
35164586
65925706
80675555
10585723
42371217
33821646
65916395
41134816
16252715
31309974
9896745
9277398
35824987
56602282
55926202
75829494
22815640
56112752
37890957
49323176
15173107
39090086
69425591
39651816
72390519
76253602
41602126
48836884
70903759
32157069
27046541
27276259
5588769
9420078
71307191
96966174
8973846
88372030
30318467
98473118
67156200
26958629
81622426
20457231
64533928
23849251
98013242
86929191
79829384
72930049
42797555
40580544
54178453
89992722
33285426
79326930
83793933
3224196
22307683
55448060
22339693
99482585
84044292
66699194
86932384
64602794
27447782
78871616
56555284
86588630
11461578
59249355
35764206
77748623
45552310
19428103
26077451
57253844
45830935
74608424
53680950
23424108
82535154
46723007
58945776
71027472
41075555
16029949
64318885
17370945
76492667
11740450
23166479
83937666
58805467
98281229
5475740
78054520
45716825
86982066
35859147
81938999
43806024
67534417
85884692
27868305
84828470
32516605
32742113
75876131
46606720
28040370
54549625
46393801
37388648
79332644
1921315
28458531
54522469
66124463
18981619
10971182
72806196
67375563
99416892
1641455
21172777
46791755
62884147
79926078
68331943
97639692
5913591
12183646
22103861
68506343
73669735
22625795
1393805
94530006
65390275
90223966
83510135
64304014
44543539
93146252
91056299
30411479
15675563
24962411
58554456
79681015
12494884
9901717
63407626
95741066
97650993
20117665
53686330
22546139
17031991
34491651
85034157
20366440
38114971
76836203
70062721
91200836
95069946
76827937
99674647
46520684
84557520
79823092
7713224
26978142
69163901
55426738
51481683
26636228
34490020
15571496
32163494
95474482
61212630
9224207
27253684
28214387
54094288
8142481
4635197
76472026
55829548
4531409
54027306
77340056
61414898
54531107
77278902
51466688
89725409
51586686
42759989
29244901
29486778
73795644
6453063
9813597
90308546
75752588
40159605
42447627
73467919
25291611
44271621
13684324
86856219
436416
12512939
36083664
42134088
60490187
75123313
49025583
1351899
8944734
74708133
42717424
4524055
51449581
74310161
40013061
37959620
67709102
50604939
93069021
61194842
58684643
7077065
16286588
44062673
7317023
68633357
70820659
9307349
55609096
43398469
81919541
14156613
3046309
84198324
16914216
18268780
31103593
99893752
73031973
63692630
93429937
16500751
74228716
28268683
86648946
40336996
99569171
86873241
17155069
52479341
67975832
48703434
94385626
20766939
89263715
2944976
95550689
83723517
41438394
42265786
76234266
43831574
67552586
88042010
56470451
25024226
90923814
26940701
97684206
19447347
20861976
85960650
51157909
27566659
86087934
11498300
99840512
79049807
72849800
50092050
88048006
21153552
38895359
22575461
6109354
70190888
55073934
87516910
12190000
67936786
33112433
32709813
40977934
69756345
48527919
29201901
82425651
1897773
87223443
46950857
77507194
24816243
95054223
57849348
57684810
47015689
85672191
72108447
96267311
43115075
65621762
97542930
58070501
89109170
41501385
82464387
1345009
63966273
40070398
39171367
51421184
76240390
48916027
41870530
97058559
52579536
7591500
18838002
47100446
17817820
75807765
82384050
11536540
91041637
28356223
58360722
2845258
81118812
99876582
47312802
25419356
38022666
54009671
48404048
5910106
14420047
97552831
80412104
57121374
16092260
72615598
929316
69915983
123023
72451546
51705494
76574503
42044869
81422717
90953736
19659782
50092840
47309501
82707554
88564764
89835636
74800825
39576432
84279584
20521045
95041420
28673157
50402066
98249867
72636045
65096262
445725
95173470
68220937
75709900
72695432
6829794
4034071
50323980
50895135
24181671
25322086
50660396
59279622
65661381
17899979
52870720
24088522
6845556
4679587
83940530
55252820
10662632
27236369
73369237
29786856
65554139
81177915
88469702
33600133
54728149
71112806
7351234
28779599
17146504
42200974
25499945
27911063
97653362
70720560
52950238
59383732
61786897
72544622
11603115
48832194
53490624
41752125
51604381
37480761
65328668
69752962
65462600
95332372
44587068
60522176
85578397
68499846
33351663
19437848
77635759
30442004
96373205
79235317
49099582
33389342
46463206
50561558
84049312
64137721
89039247
4089606
586874
60786251
37129218
10249913
45607278
83685305
80311063
30013843
30009222
84169446
14100087
27853120
71106418
45799504
22469206
21894404
25146451
44833865
21793063
61975607
68322336
45800211
73442393
67060268
86717505
96822438
28349784
1383161
74870350
54429811
84790452
77087951
59005411
22538735
83833385
79625460
88863852
63302823
25374782
38466707
54955569
4693963
96637018
71392337
39142984
63098244
67488680
28159899
35305222
79115354
25549712
86647664
72280536
75048336
5595429
76704804
83265785
12789677
36556300
73132091
59702929
16715636
57221395
69998490
11109455
45391565
67529133
98311629
11907854
38645339
27893271
71798642
84541436
43211882
16467756
67493860
99738668
18398885
31330550
23326548
14712091
13222857
68314331
76496983
76171822
80754948
94216927
19655636
30481761
25815514
41513867
49531786
74159423
58249360
68316580
72245975
96968140
64617890
60868059
18094657
6181064
93262943
57630795
25219185
62816579
1994394
41395086
96537087
53900143
23865801
88319072
53481852
5467173
92427667
9543915
60481926
67921827
71982485
25364398
99378904
27994810
52939798
63914874
40104875
1045495
28347805
86503206
27837635
60872938
65771895
54770404
57975263
23971554
17219088
40583192
4173490
39983950
5425205
93362759
99763882
38072001
71474801
982755
27887093
28406768
78217627
1022630
614720
35590409
61967192
14602412
28258346
91752069
49946018
80117843
19154607
6253635
26993084
23501778
6931504
99210139
56292220
40047799
54199294
15660613
74163945
9576121
57695319
92128505
7891269
33541088
48661233
52043648
80120003
65849662
31119402
61331648
71634276
71096496
55397056
29049409
51020016
3112862
37849896
93514554
63669525
410297
43716444
38680752
24369968
15091452
88172421
23541369
93798808
55522499
50206611
5702652
91545772
74740901
41600368
40772882
8757980
14790989
43860884
98049670
64659963
12135785
20752952
93439454
38072580
72566574
83844647
22966944
74356461
57258385
20189989
95052086
87242354
88166571
87433081
20166902
70728613
43873916
18708358
63850686
24763888
78538138
34928039
52565978
5142458
23935178
64296285
23547642
65991840
99013771
29416729
62127892
9787138
14506113
22678694
12344374
66767537
23230247
52577832
84364794
72092979
87283010
16005773
45135988
23891120
36535439
39780411
27789835
1371749
97498607
90253434
65587848
92603007
96873853
34840705
69492342
54247017
90385975
62652167
17081241
84749939
65722209
73957119
88129069
30343022
26227224
58458431
89351258
72440172
29513231
46952114
53198989
13530941
2970126
3652901
33263612
94666253
42739844
85622229
15894649
86937546
86659690
72392736
15987429
19452351
1217174
75922069
16807879
96805428
591406
77219701
21235941
78632859
33242411
64670744
26325064
8316463
34854913
60341117
20379804
43169295
24106375
60852072
69434904
3771755
84869740
28145896
81577731
84404401
86128962
63109765
2566982
59207009
51825939
65857579
16652257
57391941
28485632
17917068
4481395
37061898
52550548
18445773
98446934
40424717
66643881
28016901
30983777
19717469
53639389
76459169
43187816
31949337
86415770
6940813
15560342
96692489
81005223
67340695
22988537
56263413
7188483
67552080
7686780
45726942
85723535
13544813
35636788
91549870
27249582
16120511
84637316
43813169
9361236
23585815
68938615
93806690
67638372
82469307
37031381
99981591
41246852
40818014
96393486
51096252
28494281
12407265
75552700
29442555
91933283
74175612
28621349
37671809
25481550
78369515
81329264
84514672
21773032
77374058
31797042
49572654
85691126
57482734
96180942
20862574
75856936
65255303
17534940
74372235
62446841
89996829
70877227
97968012
2884170
77305590
77388338
95923314
10929830
40286437
70524881
28287875
26195918
49829266
48383490
14807066
48086678
53479712
23720047
78646743
9656775
4697809
57047067
6567565
73733748
82912133
121395
62167974
94910408
70270021
68257136
53486729
26327794
25895434
29939930
2166767
75746512
60098603
14368916
49232397
92303215
91020112
70282166
94752493
34011356
22903205
79194179
25553098
44325028
76341207
49554103
44512636
38700082
39564588
16335208
88582342
39740463
24327640
75083715
94542962
67874013
85992590
13405161
70680670
88445362
21209769
89667038
42124833
1565640
45294114
12024710
25774971
83692440
5146454
76043172
19193028
81403185
43491841
70102033
18675539
78120748
21196371
8854526
14179905
22730458
89844195
36853817
2048493
2929216
50771023
96544564
5433479
63862022
24402994
1982002
56798603
61372095
58014767
35565888
60273677
93393555
81780703
69621416
56372105
66868043
24263841
79521844
45238601
7946781
21196288
32929809
58144860
181875
9703793
11036635
73971952
720947
12031233
17432409
75148512
12907960
72461799
86575004
16866551
9040424
71986158
47657198
9828852
97545727
14344367
42127299
68115124
39160330
56652819
71083896
23692545
3596280
17661506
17129723
94124363
65235085
91874123
5400513
33105901
20207373
47619114
72089736
95915647
27549893
31737956
38055424
81583603
60351391
75794143
61593826
92062983
85358285
44950935
72893713
30659477
80607918
88444525
83494191
99791428
12890432
94585244
78838702
53115800
33535593
51073345
44726036
66278484
65290749
25767728
6801528
67398149
25306480
21167673
51876988
34401123
84455234
9445862
20151947
74571111
51301907
30387486
73349678
48662023
43232098
53428021
69966511
553542
85243423
83374669
97439106
16410716
9225894
58060345
56245939
13886318
95894676
83199774
44874360
39155718
54813802
67546806
93293173
59443689
95851544
86677911
27927936
96404588
4199893
88102897
79214425
50389643
8180876
13064052
80117630
13471635
13511557
35342655
50539446
77157758
27011058
59771343
20436987
4733120
20386422
7504943
52454775
49392809
10878512
94766549
12373515
41361415
82426259
99104962
61025431
94582594
17491114
19912318
97933414
96420778
60900556
75975308
87280186
64847555
70648497
3114485
28581220
49385244
22436741
40215158
52206091
28803972
10691848
11951865
57836726
6349975
40466088
42439249
21893158
87196452
61621505
65580692
93539355
12292235
14918578
18888481
71754908
51251309
49958055
90648972
77984625
9688378
12205742
35735438
40868246
84640317
88844666
88503337
1147739
89450227
99376786
60701012
11265696
23093616
57390413
9762754
15471922
79781825
61597430
57129867
11573596
17091111
52233589
31229345
49378750
64236559
98071421
39243160
73935324
99251667
10632913
51924764
94622660
37291621
58999362
85059556
92915287
51969183
32037379
9328726
90272775
97696280
73242794
44164797
83194889
63685138
22573073
56181619
17514926
41557915
53187092
85404353
86842709
49884499
28384897
35155768
78313474
98341253
26802331
47541596
58187482
29681732
87194106
27632680
34953953
74393894
83468561
75715389
39423053
68375660
9695723
19578577
23437732
87110830
63777543
20134240
50418173
64347984
13009466
97973920
13597665
53689244
49351630
30940488
26242466
57926772
4272684
99468287
56779144
99211236
55289011
85566054
39969911
21451908
44533227
9635294
70812314
23383537
7492545
58380196
30188308
76072385
6564297
60481682
86338961
30860441
85785511
37032497
2828848
56244673
76813059
57930964
583084
37120143
47303950
86147717
19681895
40961821
43200632
72698038
50007698
22125267
93445864
6342320
18770439
31119409
98750108
54386759
26641341
49826653
69457603
27705133
74750547
11107518
23971186
20535494
1197006
79728906
45920743
2447403
17950983
20396112
34593172
36358179
37477488
68660449
49287160
13530007
59284443
22019665
98485280
57363555
11856892
22604537
7299697
90500097
16140179
61124648
17910104
12016535
6433269
43914502
27696941
45985342
100106
29530231
64224813
5566968
31938759
43988726
76586072
62443115
27300736
69292062
94984591
7404472
16320409
56229274
67881363
25735012
72839914
96585599
53452331
94298548
41574001
8296579
56760135
17444988
95595323
94929145
37009505
90536990
91354082
61256249
6984066
28925192
26732430
62759280
32703681
23436189
6149615
79705078
89110016
92067964
77159493
40808668
73235357
74886396
23729962
39773621
71077134
83915388
10951955
15088498
98594315
45365115
56967145
88472033
77888312
51884002
81034846
51425880
50083468
77192794
22357610
12088
36172173
47761217
95684111
78990517
50367341
21623524
25914267
98832484
84688339
85093120
2994989
3716827
28260789
70720387
48677512
62922986
64664885
12611175
29555233
61292985
18468752
27478211
35446352
20273030
97815701
24045958
89157280
68690781
67225976
42233914
9429110
4014104
28432167
81145596
88791910
76508931
63607564
63660279
75081278
23852347
72166776
10277547
34346630
1622183
40817607
91727477
59169972
43740656
82764440
38873873
73117583
90036356
847206
82312307
7498610
88389518
26297448
23099441
79216826
50626596
44751525
89670146
11997932
25739038
57468180
39598180
12315015
21722957
42717636
87327366
6928132
18663701
88097757
97499814
7476095
76600664
53869053
33435167
99003925
65282037
27909710
83260306
93287033
41022902
79971382
52156296
11091242
13992608
59421924
26786261
58179611
4147161
36658075
92361164
79810276
71046544
11945893
14838718
65072361
39733316
27918561
42322127
20565062
41478523
42494797
1639456
52404842
19293719
2629919
57548800
15787176
65474619
1913976
92306558
89247395
92961993
88019466
47459326
61332579
96211858
20109013
78966961
91420249
68969663
97375311
21955401
84365355
51528059
89150966
91111080
37072334
75029358
57773741
6543485
28009462
18268678
29973883
85444828
15901601
32028866
2240001
72696180
29704703
98893252
25036705
56800267
93552953
52644591
84349708
58555187
50927843
26573021
51481539
33265184
58967343
6170200
16437314
51904320
16549775
70546822
13255558
49750684
87570772
14194247
91996095
40206434
36099261
36703203
83276496
46035787
64573020
96337730
49881836
7378612
88705563
79919301
80112126
98930754
29033728
82632509
86964102
35497629
23637985
56765134
34369265
58570984
26969101
26998311
37117121
54071419
49455589
97273101
68339582
22641900
93959618
85753480
14272894
80931550
44805989
26587109
18103053
62147248
58228121
44577877
61147267
64284939
16074130
3805070
60586212
10579246
11220475
21738075
98374146
66986700
7290989
47561925
86605545
52116272
70476721
95605420
38417320
65135399
15123600
49531822
1398881
45224379
46602973
68991623
1387203
39424893
90152255
7316149
48159408
28558494
69661308
22709275
69092614
97446791
25574857
67612769
96533090
35888139
32924174
98604191
91054122
82180466
29118446
3153504
88959517
84636646
19897721
30015993
89211484
5134448
27314785
76664762
16700291
59081964
70489497
76403096
11671674
3029862
10018695
60455888
71625756
48652173
20538946
36411000
13705187
41163130
89844030
66210182
80316270
71375454
71659963
5167007
53871345
96582159
35199880
38237686
4630383
7338956
65954149
38157252
73203660
4742459
82872235
73167513
92682874
21985779
98729998
40418230
5061132
9676263
45031012
86978843
6705441
33904230
9161407
44193579
12714804
55970789
86159308
96008686
79395635
87032014
8234960
76521525
36282937
71385969
26271911
83473276
37519474
29078509
23705431
8376844
59182783
86080773
47452772
71340849
96945997
54726689
61501102
98954933
93056654
28381753
88225500
41194809
10733334
3859419
82314650
1684892
90195296
30750356
14822544
81795139
87877252
17375748
50337775
69782056
28732341
15727009
22245763
93603385
38761704
28710095
97306313
20667322
74699259
9913289
35622407
32375770
45103795
99116035
13685626
22011147
70854434
99349659
40885246
46397212
93742394
89835695
41067629
75452159
66984569
51168591
70731017
13490537
66442648
88970510
25823969
14752391
76062582
90459134
31396775
56003272
94907793
63315884
50967361
86097108
37495226
42733375
50440096
22703686
27813111
77014727
21334661
18516368
13248295
58310026
82455341
43531918
48381137
42843520
24228779
98537060
54216507
96679879
40022449
49204343
69071393
76580336
39772522
62761104
90420444
20020977
90274240
67822016
56443054
3677571
83357878
64662116
63880978
98776611
5758922
92465398
46254518
95283731
20203723
12629623
11111891
86186127
52878070
98896833
35552725
17994018
8434330
61305311
77992635
54914181
98941323
67667120
32122662
74727147
99104154
86852322
78778895
22168341
41564772
13789047
84828052
31694481
83502019
98370998
7150099
88031439
14589207
85376192
62723174
51157651
69937164
61096438
73941648
28518557
49543824
88799077
22083793
92324600
28526041
59003695
58002530
57356614
46931706
957561
8497060
20900934
81772020
87643641
74385972
60883074
82557327
39646375
51838604
49180165
93422153
51612168
97258417
96041879
8742459
91862759
67965052
45919294
14899948
20983744
39511160
28180893
9748205
76638460
41079611
54428787
71574403
7007951
36170606
82570974
71372496
74771672
56889074
47171680
43819422
76265017
89226083
34736448
79208694
19186178
79288064
57877339
89379266
58082030
15675904
98483937
94574275
2926438
9445212
53210064
7960986
17627332
50644745
34670231
27800666
53188939
68438004
70135239
19985034
77616215
80815943
46128581
69971218
36052584
93012968
52512632
20687425
55209910
88115602
97324173
7862209
66376789
62452710
65645439
7794015
9491817
51231677
21675373
54175643
257550
78876212
24125535
61358890
72688102
23392365
76654549
83267843
2324374
97167452
42212762
24648021
37437983
37902117
41897080
46184373
69606368
34543763
68030365
12738551
53040369
44699072
35761366
78228228
32111136
45605211
95307462
10593905
70373938
12224635
37857679
48020071
41198876
55620313
31655351
80161500
56329942
8243484
2177347
4778388
61264048
38860913
60679589
16545738
14490141
57184401
90973656
77004285
29250951
46239567
57108140
26500589
56000506
27294171
7754922
90700824
43033769
52095080
91825884
80456137
67518066
77220416
87491901
32454841
76594464
46015321
91542756
46791769
29955564
9046916
93179158
82616647
236952
84021443
20222790
92353941
93907341
99844043
34662088
91204833
72756245
92658728
77287507
25248138
30784408
16362930
40408500
80154269
70388264
81589773
17108289
65559614
20085614
77460951
23565369
46433784
64388083
49550434
59206150
79751323
30063148
54022436
50382774
87031228
57981551
408776
56063997
31211049
52571132
23930202
86309270
2957918
67454078
74985630
93949410
77889849
63668729
78603590
82930420
81610648
98440119
53590878
27549911
73702660
59268831
32610128
11715136
98192274
53557716
60363935
38944203
63946925
54946968
75198533
3093365
83880252
18743475
35637265
76084925
50842469
85513950
49508437
38364298
8692488
97937947
51098978
22887429
87468706
80015226
44600727
87347788
84084397
77413399
61445241
8842550
42083098
29505117
61965134
48916552
80654859
2109806
92559185
16474944
61165290
56124952
46716038
62060843
98743101
47035558
87673739
99232224
41485825
30141452
18019353
29443311
95205174
38106989
96959366
23088703
7376640
97357470
15719933
8099202
47812990
62068684
65032792
44488061
11092939
67064663
4262877
45673707
72311407
37660791
71533580
86273345
23364401
50158903
63550497
72748388
92376966
60501829
41938792
29502851
38790564
40071779
78512683
72896106
2242302
70628921
17673569
49966062
97545647
66627808
24034487
52144337
22943562
3929247
91640948
59930623
49229322
35275041
59161354
78054614
96100601
8672194
10342304
31615535
10167685
806741
20539279
28243726
69144421
16722690
2117814
50299267
41195828
71490036
27530882
40334698
79409583
72762893
6304814
53135891
24747061
30215163
93080053
22511238
31428060
65324015
38944593
82275069
2527665
95136429
61893652
69570254
664529
37439351
14878077
78056947
90879668
648206
67838042
68693290
84727852
48811254
90733437
88681219
92836039
37373432
4571432
96584730
22828020
85258776
72756741
57610667
53953660
25541931
58268004
17473755
77158741
23397537
72046940
1675937
43659550
24515398
20497850
49523206
66152187
63187245
70176387
50578785
1056210
38326679
92163282
17006201
82041249
92829650
95998956
84179325
61070323
96290306
83628532
56864237
66632158
15918341
48395915
85974197
82992590
67360679
97146509
78149580
24018414
15363772
34925183
6816870
25397061
13042030
17849974
35166468
85506031
39276092
6596259
17522395
13963490
96602144
26170281
73025384
53630903
61923439
65575426
92908411
99218297
15826882
59952873
34801083
80853728
95490211
76466914
97641396
9928508
38691263
99025879
74775095
89466646
75584512
92737355
52508112
20088162
54980478
37400610
44830359
24917283
22676289
16438182
6935784
74727210
28372094
63762636
37076244
24287198
3718304
87031692
53310223
91751781
84400691
24755986
8516179
1791215
23519701
40990566
86544673
76176808
57144861
44778279
33132347
26451259
87369179
70026431
36137331
14911283
48130140
48913418
11764390
37441669
32056016
74569171
20785194
58009441
29189294
25617587
68078940
2706006
78067423
412654
67820079
44513656
29600467
61734385
4685846
22258975
92361404
43873298
3189269
10287945
73682990
54796234
10442690
90039131
3143842
8443358
75404928
45786444
18214628
62772009
34470278
69532600
62061807
92163812
16184847
27828151
4252853
54694959
67586884
48973378
55280390
12515807
93980844
13260796
50180457
81187838
44627483
4717937
68870397
82212206
18046328
66577056
26653610
74429227
46506403
97585206
66157634
86305114
22651636
32438455
69148009
13072384
50261426
87566465
74485809
54475257
48074410
55189494
17439094
15689738
40205197
61620144
52358777
42797570
18991736
59353008
64475808
38505848
8096906
19480795
78403030
10382514
20222888
91132772
70697771
36162280
94020861
71030114
568556
20483169
46643255
75915651
94027899
9190074
36711201
24411103
76165941
56663274
23467422
76176146
98249221
63943941
59455973
90369540
46744955
16388266
44014849
73925232
82235146
84116299
50653723
64877438
52845817
57736151
21232123
64890401
51137416
6733954
51964349
25305208
49292462
70244881
58050854
82994170
21525792
3976866
39290382
90429598
3564848
18130736
93120544
95473620
79057488
52999699
5038989
81453920
10643386
93604735
69859907
96891075
48029931
59198793
18224928
52594754
42680599
76950815
20916657
13574858
27394391
67061005
69548523
49241018
44649484
59915680
48466457
60154452
61334910
13049717
16459165
62105049
78249521
21076783
7294936
33065673
5792056
35945726
86767670
85196901
28003204
93893860
73333627
48447069
95279749
81445794
72696128
40684436
87058349
45208056
6297326
81605919
30628720
74857537
2069688
95831870
52244649
82228521
34706072
71713540
90818669
85653772
17312359
74232065
25438068
66825484
77297657
9231054
51722365
32312226
12788818
44926523
55049506
20963224
56340128
93940929
25624284
1012176
10623153
97423601
40342323
30519311
12685969
90206510
95692855
2960755
26730075
3481912
48876880
84827471
55125679
9029469
92054002
54879751
42816108
44201535
89527704
312537
78438629
2056636
37293358
18775893
38428668
47605287
79402719
33831579
68393300
51394877
47293063
97236361
46001898
21469645
46622233
89474292
19351814
36608898
36220640
83868688
60927420
97121625
41365695
4234047
62294208
74291460
50465398
11523541
44016787
78926428
12743777
68846343
22031627
1348331
26899253
35396878
13788334
85030732
20787712
81653724
94766950
33391645
74216456
72269305
47137165
62770954
40858955
1137760
70259432
29030814
37512563
87277991
53510700
49329110
69644458
32285541
57762853
21559562
94447462
35614201
41321200
78607928
75560158
66377422
39889196
96461109
25119411
27507784
66050236
89287143
57290788
73851562
70600969
29214969
11300881
1115384
57270634
42365413
22590897
45910822
62917790
57787248
33709630
2703800
10513545
93217754
73427656
4277671
95780399
1577874
29452676
3385483
60107562
83856354
91421969
76961412
87410257
34563641
48089485
77444310
94160604
18976481
85062711
82801156
61142249
55575441
96432721
60251596
31959187
18162950
857369
35102941
1189802
37282780
64145401
36908619
68218728
45471151
10722791
88791359
202074
99468026
79874761
54584974
19506095
46749423
14915573
22900949
77375438
47077436
87791722
96456960
83614201
48750890
97456917
23280597
26159559
49113286
32235178
44232519
8321634
78790456
36674834
71271440
86595594
62143730
6321333
7696463
48234471
93994879
61441430
90364556
11970606
12356302
24417066
40443475
78139746
57692788
5588298
46321248
15500603
65679550
81603792
25745606
72208908
80156361
22870857
82056723
21468551
23486156
51004259
52569928
57462664
26636267
94162339
88934002
96639112
55697095
64723427
82820312
18651984
66356604
92931257
32657027
88194311
60344929
96830376
50571420
99098783
42293667
25269527
95438964
74018914
56243758
32243113
14268590
36783628
15055566
90202338
25296443
71160472
26956509
35979312
47652013
89641090
77929482
42063806
23761112
94767707
3436587
49170270
78597884
16894968
1671895
40248071
21467574
65129465
93912666
62871015
46959451
72568610
63378665
23988436
64120938
60378225
22679758
42017622
31112944
6963526
78823856
69212279
76364701
50967405
93208537
77125726
4616629
51716103
41896223
82160007
33831348
33623470
82833136
59476201
30621224
74179759
75463778
30425001
89833369
54524731
86839134
70752967
10340106
88978367
47006900
68811819
87259679
81486617
46503936
76642510
35445074
99828290
91670120
22022391
27953271
88407292
59576154
54125068
97504649
25589877
69804373
65560798
9516278
28047720
41663523
75380828
28754590
74991007
15624435
28704618
74625397
5899881
42707308
5947596
73011260
46499146
51922304
61232005
87378801
915385
16361671
82838698
41780489
71349096
24352772
89513310
59547784
80983479
98171374
81959598
75978843
22079776
73188144
86126185
28372684
46978539
48607081
405825
45531604
99972126
45010580
16642664
73112372
65436537
9615082
62399200
87857500
45041089
52069510
99532969
27681283
80491789
63224617
12240639
63160595
55273431
53599198
90991262
30585993
54611992
34746809
74156365
85767870
14610046
2363786
39616945
59107306
46595057
47048194
12414404
82570167
94895676
51988488
45698740
78405819
8558077
23910409
96341129
46226496
83413507
50235495
26395296
3476176
29659460
1878409
67695399
65080244
15133228
8390533
38619042
55733429
74569321
48985081
85093772
93407527
51134042
78200286
62792805
16432512
60728550
90816367
35337699
71119739
32208255
3157286
89588939
50106683
47066033
4201888
20092555
43953689
93397827
57022036
55356143
47577011
1826597
18406784
14971598
80760265
6225420
60764011
19434486
63103423
82162388
44507011
89380418
69189319
51361522
12742311
38040371
82895654
30906459
83679501
12594645
71762670
90322213
78992100
77631689
92167988
84176644
32546059
17875638
17035758
36929665
74113881
96948062
46908486
49864350
70857947
7496667
35833078
40256338
86927176
87957625
52373749
54109818
31076380
26875161
8444125
90019732
79145376
70985929
51479776
63207840
31432876
27188236
57226691
9130502
34681775
88443643
45245010
71161497
7512435
82946264
28864685
29183611
95534227
33217449
83630360
55005958
38799527
34249331
85077814
24205951
38919095
30224396
23818093
48876052
19938128
40429182
10612602
62739507
41929758
71893362
87016206
86807177
60183723
76813879
82678061
30960618
43561180
43009369
68403253
37228159
80675509
98677653
12864247
49483030
64138788
33868161
53152373
10379102
38478707
60357586
62115376
79122134
10538337
33333699
43648451
59461625
50245200
48552280
89924280
41551398
69385431
83043547
66297895
96942826
96597366
78978764
22941358
92444148
72205385
92451895
52651174
86772028
80240633
3660322
8464573
77583136
13351499
98504219
85145021
23400115
80657625
7147788
81705669
87690220
71444147
5315696
31964239
16766475
36156138
27798393
60531771
90974572
51395361
64767023
91747972
32422034
33013347
49139092
51299186
84683280
697957
94177190
88291304
69797766
22652518
53355719
13680110
36593055
84228203
52014031
24399659
64288889
67811979
46298244
54243932
62439750
27071857
23765613
42340509
46748709
52220094
70946998
17528226
15765742
91027052
63328555
87604834
19038784
42610225
46735194
98830567
16470373
68852072
89764889
99591094
50086901
51598121
16814529
13382035
77515905
46567655
37914711
92037655
51836888
71874402
71144493
16738534
27075696
27430508
32012436
23183366
49326656
10596470
2076334
58104685
57804050
55315771
69867764
6180176
63374172
4168119
27643220
82417886
27078222
90237542
2441902
59181074
88816741
55486366
33116685
76476500
51948166
1432743
46394710
50278184
81948943
96757388
66379750
49790207
10063747
23285295
9908267
20138418
73592585
76081847
12618973
92919650
32637153
68390725
94348718
55916072
95673143
78255449
66410125
71013602
18994670
18408276
15147522
21092444
22128718
45720024
42435613
300246
85135167
85630543
87098994
75639916
14338751
70792601
72565332
94639551
47143329
68911689
3627090
97716124
18741620
98167713
61417537
35991030
72092185
81860265
74665036
70554515
81914189
10760500
32772903
99638042
32279148
6132306
31532704
19727534
40911716
1558394
60901517
80249531
50733385
48483355
31775262
2888131
82540995
84484119
67149438
86759144
87860120
67735849
56950482
78328457
75025531
82909725
84178355
9055199
66745056
38036914
25501309
75047447
61794276
88115610
53609568
88913603
97308865
11586059
26174778
40815501
14603522
67363734
19162752
1133519
56747565
50982421
99233159
92756456
81594522
95882303
82608058
95705115
83954355
17193596
95345873
50048621
68585016
65997894
44284647
92186188
33562711
18592151
52331966
56017275
85713138
63091551
65371607
89229190
21422407
13533611
82131234
3983028
57736060
42151563
45101355
40630828
64708089
45769208
80787125
29610922
2328100
58371209
8783653
31298054
16575292
6895823
80535983
73524343
85377522
98907627
53852280
5338879
55598374
82418896
75376299
60243931
91098350
99588630
28919870
75675925
64235054
27901433
81701695
70192862
41518099
26873057
98618534
69890545
85233681
8608161
8161824
28391520
68752822
87951377
88765167
80929893
66896390
12967567
4418517
31909174
87064303
9952709
40047774
44899486
48898304
3119176
38324312
46616733
30949649
63718640
53640787
12959582
48933455
48029731
32420776
22120594
96492889
26032909
30352494
69818242
26329388
71468202
86128701
67987427
65287936
22167593
95152452
24033508
15599149
97163862
18015557
95785710
34685370
25598072
64391702
21420187
96021800
86089352
95670033
52843424
30408530
65351831
75731293
86185283
51291429
68978542
22673312
74854465
52591306
11068054
13974351
74066005
98653659
23084776
8351194
68241505
83541519
98050154
94126133
37150600
26978270
63951575
3535046
77756136
3905544
23629584
83834297
63164989
49548075
18907280
18722494
90406621
36123635
25773480
14794755
41957688
14245475
46998713
5156218
49675417
56299324
45144193
27724793
47902418
50289336
29150933
96559332
35472378
58169169
48299539
8853956
52068178
4969107
97794444
42932435
5172928
66039567
51907210
79099484
60715286
25655792
96493214
28168004
97210606
205889
3718888
28435171
36386634
81225239
90472445
50691283
89485352
35438040
40529568
47610890
63507778
69027556
83180005
42589157
59653287
16645207
94369605
62474656
385072
10174368
88614861
20339139
51077064
67337047
56948668
85018654
6345649
28445244
59719612
49750099
52254741
50070357
78504855
21798756
80708168
41019774
76943717
30663111
859829
99128491
21025204
83331842
8784133
39709372
2983587
21042647
93840077
31396169
55349018
95949340
27831739
70897592
68047908
78151960
70295838
92056559
88811791
82543923
89336811
12191633
70631159
42305548
67707442
40147573
20407078
4594201
23720391
18781561
64706176
21351315
9395627
93006174
31239234
87081465
87610812
80574447
43672197
82011822
32173899
37741686
30809326
88479293
97131189
81204858
3476317
37490997
92161166
41626713
42416384
94863480
35703866
33862174
38663935
77872543
58473351
38638952
15526445
20676202
18044899
52293006
14485008
2926217
91694663
80158928
42241009
508293
63308715
34436904
79478650
68809413
45511726
66265451
33180065
94732508
32984292
43160238
35708183
66712424
6133725
52015240
9667749
26867939
94193635
41968312
32893155
82824785
94288551
75495730
56706606
514909
9228834
84491056
27558960
99327168
80529830
50708004
32326075
99284930
13520254
81801188
62332559
49406100
60647162
14231972
46595324
23183734
65934617
58322424
43886876
66019038
16644136
83660372
92213115
62738198
76828023
38283745
86910340
11093626
9147849
32892387
57122455
7416667
75547586
76273848
18976554
20496799
85840041
32025917
43516667
17640690
35148838
83352106
96719986
86295359
65993128
4234998
27277270
43807026
65140248
88027918
59538155
59351200
16753238
60603622
79856415
971681
58387955
8429776
68337023
20679479
34568925
94926728
72436557
34073531
59419661
89886420
58238992
62978653
8784634
92277689
22681421
53884518
19932855
98008255
88622772
45929242
1709633
80743456
98786237
35780450
38156672
24088464
93234789
58343297
32580061
63688913
87203247
54336686
22362700
7967632
43423303
82345648
67634852
12978911
70964151
69962131
76122629
25678317
94349166
86431163
85714237
62338242
37262049
27223522
43668978
82575177
66756699
6219447
38366246
8117591
81705024
75907645
29595245
90449365
1247015
24453684
80570956
79491075
72890469
47713108
40924298
35580701
43866825
80608692
92038899
73546190
2872025
67132258
75862627
46678814
89508094
71374087
75014685
96340775
47074050
79624504
33630622
12990398
97787708
52889763
55545513
52508473
16114489
19068291
94920195
37116656
16252384
30909051
90555421
65405683
93448687
21652876
55959957
15823115
12775533
9275226
17038368
55624382
29657590
49974898
21201224
12793705
25612983
30302023
96122838
37678624
12962640
59055984
68419348
67579075
10537223
16473761
80368970
98326147
80041323
59287751
89301980
38674813
44896082
1132149
71585741
60216843
78384596
37376778
6803858
86855796
68406313
76263385
37990229
29497794
90310944
58077304
28979181
20769216
41242449
50568456
56255073
25204052
82146779
17519680
10081279
36443346
36752537
43998838
17463261
54150331
43760980
99823460
98988527
11704228
19068923
16769175
62615587
40856787
36355146
62040392
55105915
78705275
68187714
85419422
91250018
17570376
96263425
11117959
462599
61412332
27797125
31714114
52921001
45662326
56406933
69902682
92201718
36675478
85697309
49006314
95977899
13229660
12628231
17421545
53266821
66425700
99277249
66549540
20238193
79090768
51069786
76233945
63596454
34686360
63281577
79717953
92258163
76244466
79939161
17257108
42627510
58260236
32470348
52590429
86223156
96400632
83554134
14219933
88794534
87715391
75271080
2721791
797744
53534996
52713267
27100151
7074647
63337527
57403603
27873271
70960336
95161718
99603976
79151643
69414216
60651779
11988522
7625469
2981940
23386068
85207519
56548670
67899514
73667082
35829007
44835266
58203420
82380102
69642464
66930476
27525107
34000046
47357334
95583282
36849711
21878589
25170236
23043370
83089424
8290718
93477602
97553400
64434771
78459700
99836623
33231684
77273111
48198725
29925400
69781910
91921582
56041202
41973692
2570300
75660718
78482270
37211787
36376129
77685765
46875668
51951449
51745583
63770470
68068589
83779299
1059932
16889790
39138518
6840570
79923328
93281234
2299851
84616014
78742369
404339
60106799
53915241
61159294
37428219
59989714
3858762
99636390
55106100
67704527
69778680
91073962
78303189
42176676
69316924
44663621
11233326
52901094
587043
87759577
79245010
46031493
56424243
20914886
52951302
76184300
36476432
11912053
88162520
58984062
68226940
11451966
62055086
57923230
50930566
18229614
24933301
24258878
30102852
73905673
49161825
34901327
97709967
8342310
40352721
39050717
63195226
12203091
79351861
84234769
76577060
92059326
85201576
79133560
4805116
71958850
47155569
65406669
68056112
15011295
37833497
35136060
65291429
83559811
42889490
35136318
60813453
19219327
47038308
38714653
40155139
85210080
38881668
1548030
19268875
74666604
59563865
62440336
44006491
95494064
29169956
47566124
36370001
62273444
95014497
25029931
99153126
4066742
10147848
40344820
97623412
44500918
96090104
28583294
93781545
42373219
93671666
36407554
28639062
41679988
19231839
73844950
99639922
90122563
96635457
58047072
68339807
59128670
74723918
25841652
32528741
9136777
77699785
4584750
22749420
52613539
6619462
4440357
61592087
34365588
16679934
72261448
26639620
38935035
71851072
52858019
39288049
83227297
77784294
81402026
12426341
57537596
62431078
42814225
99004047
22397094
98503417
80814239
11420516
38075550
46224870
41596196
96400664
51334548
20894743
18491417
33954564
59179564
62737096
72301524
16801915
93936034
79868707
59791598
52318583
25953783
93465291
596088
55705850
36179220
80239206
708056
72734801
21333523
18958891
44138372
7943084
19326173
30152210
49900573
49419771
93188243
60012089
24198656
72203453
30696782
98127696
63872895
66122996
20770448
27218811
69163684
68126067
36000846
72980888
65816367
90877730
87270721
79282765
74600571
80886034
89621454
44110162
62113867
91724493
8595733
3101216
89729682
29015861
33920850
56265475
26288449
72161925
90999197
19389984
8372594
47214007
19290930
95531703
93602088
10771714
91847278
3472396
48349357
82750222
28616460
28179305
91741327
98475874
86189444
83126901
32556220
92452943
62384125
70084189
21441190
30556510
98045850
52159747
18629120
87720381
8642133
8329334
8433465
72642345
49801675
93091204
583456
15553236
1337743
74918795
16172177
29532334
88368494
8256483
23119743
77690866
79433881
46052593
67372679
16930047
17880418
50167384
12958325
3318284
3136068
17319634
89961831
30519664
12938616
55845277
21959053
91477367
70061555
17047855
38019189
57995966
90545066
66293852
51987966
5688760
86443595
326784
47961074
55608503
87916007
81831784
56794187
71172607
205609
97058267
49711791
12114723
52630740
79832806
32951639
17217051
29472061
90249751
27735558
46704597
94292039
54323252
29074291
23029649
12801418
26562598
79168826
56068491
25692918
72094722
87625529
21260171
15773694
85247845
10648044
34846151
5227826
55650215
28998406
68829361
43895541
34594971
58381971
85922187
69287718
27255751
49277346
38539666
40079677
69958807
31817147
58752501
63567391
62241918
52176283
78733308
268728
9903867
68480073
99108476
70375112
6927613
95257470
67254231
15213119
26691736
55702674
74578739
32019065
92344807
53877557
20549865
90208145
37639077
61134015
68486826
36819088
9759335
34534179
61748816
80146931
401619
95230453
61315632
10445737
78974464
68047749
70153856
94524658
61816730
60169483
60428580
18919216
37559895
53626287
33312229
91918745
13322406
87932983
34848733
44723652
50047896
94806166
20147343
84357203
34673716
40982484
84402357
24116275
77258573
12444050
63765254
8873257
72807602
83372564
6165970
11537217
97576853
92062070
11106122
49709395
35453849
49086401
96946404
29129968
8464442
43547567
24518785
92263336
13359191
91585615
99482641
94441216
67755118
62233104
86789610
63230205
67449033
65109809
47464901
3485249
65574678
88472592
82187692
78028962
29271384
40211131
5360904
63399436
83298522
75286654
14261014
22447850
25380780
97621263
77549170
85895786
38697854
66424237
16351966
91758260
83555052
96100300
27387803
35304384
16040231
89486034
62288787
37961872
75993541
95128993
88386514
6526275
93023504
73891779
64459489
44102336
85189984
80039202
77524098
3906831
59193635
96851277
49283179
67826064
72842951
67873441
34852039
14401063
90370269
66795020
99165054
56442408
47214733
543390
57025064
54844367
56030700
21092226
24106946
37017128
82218809
19915484
95552490
91187829
52143080
74392089
77496612
20202062
84210396
85783806
24524165
9060242
9413795
63799014
20242759
77798274
13505072
40309402
44213645
52541567
29160208
69537294
60373045
59384372
30287543
63008609
97661162
91268911
36183524
6294695
16818118
94266041
37378922
60865894
55953151
2900075
59778899
3466804
30770587
72636114
61646407
49405824
86538601
43528356
41611905
2196055
61588772
47947946
66421883
13880267
59631194
60138622
29560382
42027507
55595910
52730576
18349082
90232380
3429586
99881359
44849629
92817155
29449199
93362367
29071533
78047854
63903169
86687615
43969664
48946368
18382492
82538256
38739356
20993708
41048302
58496225
71842922
4834583
60887890
55405698
39621532
55079717
48394634
59257890
95794210
5354970
20032083
55013190
11363698
97716840
74889233
62497403
98857153
1614067
43902047
769916
97775706
90915546
70423086
40766991
11892835
92396372
95868500
32405961
77261281
37878834
74246987
57296557
49835508
50077346
5843322
63746532
35585837
32734685
14311166
76922233
80934720
48330183
22992248
63185983
14892786
51336258
81847571
48103375
54670171
76081233
34779721
98020613
78332848
85463172
4479018
48546468
99039672
74343729
52250134
56302817
95355282
53940536
31491560
42123331
1948939
87753560
28056817
57131486
22487731
19546117
27616595
38469860
62195249
17452237
8129469
58419401
35482061
25760623
83226872
42506720
87340718
26062162
13127954
28178871
28115328
30816722
64456816
618404
76617914
64621133
80099351
15181694
23560428
11578067
2526301
84106307
18951374
44629697
83742559
47325957
4889771
74341925
27103009
61331039
4491488
60235671
98524944
43641159
31654029
71639556
59296946
40460333
23538982
53343732
48611766
1494539
66832540
10892211
83937119
23038515
86553998
42098562
61312906
81818604
18428383
56869246
65063136
53938312
81343644
17839438
97924070
14835272
82944780
98378534
83746531
36993838
5057756
41819244
84804707
99601004
40659095
96816758
9424368
84255995
48834607
30855658
76248255
65274935
87292213
9742487
29698568
17575202
81849668
10985934
98444347
2332344
63269799
55140409
35128925
44642879
91175104
13106468
32709967
59683650
14444216
59588939
89100336
1172965
78661804
86577165
2648243
59284119
41209556
23612795
97100415
51535153
22893045
89059066
27335255
85374932
43212802
88711575
86929617
91684433
75247560
94271187
45086261
8367750
1428709
83129326
46761103
72508156
66501421
49775692
88579733
76510384
38811369
26213824
58693386
83951486
55932588
8730952
21397045
41728465
19150981
99160823
52507323
53868762
24680987
61619194
49713553
44032021
35494125
90480675
94620127
41088746
84707799
96470895
75349880
1102698
69952784
68686751
50351467
14695304
52756883
4898494
90084850
80238731
66690312
6727341
10776120
65994456
96663288
99714260
63750850
55808006
5882986
19329874
13344671
55728540
20437397
34396033
36953901
43545889
28663696
29224386
13466948
98298099
8383044
7993042
17413041
46272160
2630198
23507363
24737375
49214395
74662928
8002383
36677150
10684980
1613280
33239658
91748329
56291522
94248398
67766138
42181089
10840695
39019339
66530847
73625643
28406107
56080199
17566387
84264868
77025370
24033903
93346707
51275538
62584060
63060949
22444114
2471648
34381090
15853086
97916646
42516130
37811966
1967997
74087858
70544345
21559148
7019770
4237874
60088748
19716069
61511503
12802994
27806389
56749376
7494232
26262964
73253658
55847414
85367079
48622954
87048771
73082644
84260937
43387998
65875903
40031123
29130698
40682106
3958333
13728702
8104404
44438727
96065829
66292118
71023722
21706280
22851915
63739180
98282804
45253192
17619617
5057303
75084426
8271844
23526800
79970055
5117492
14283982
63518156
36371807
19865386
23350273
97521075
37913765
729869
19235753
9892066
98732779
62380585
16943832
94177561
43716670
9971815
6429901
44929503
33398055
45990313
35871833
8826400
40634012
44144474
87147740
14249101
27854319
5164493
55641044
94335200
72230034
30910848
55730819
22299824
30828419
79432607
33863323
62969421
76432777
40870111
33262931
99350343
18940001
53259701
35441291
22259115
34509104
69719310
97883219
91432989
32554165
72189761
45804258
27209884
13360048
90225459
68634503
88519324
12143370
71109131
82701806
19817211
38000053
93874947
62000922
58510860
3615425
87840224
21482542
28359791
84169042
3790368
80066248
51027712
12682872
16058108
6241491
90631146
29904998
36781802
6319168
50773153
42782991
93883843
88534273
8904587
88394878
44698652
14081136
44863454
63947742
15294199
96283292
51395172
29926391
73907448
14265667
22704502
52311374
22260438
40608838
64624346
23132217
63993789
60339369
9374052
43790291
57420558
82463594
20665475
6731590
70796207
10138806
68973103
33475052
22013964
54255024
70683104
14310222
16217251
26226423
96808212
85674201
76790930
47066262
67720889
7542204
71412709
79187489
70291534
46507968
76617301
31416562
71086636
3624365
69694876
90151913
76337612
1490581
96786413
75550707
63890957
98137166
17353228
4738378
45796096
85497363
3475132
27568905
29038895
6087369
72024170
91652294
51611258
99527771
11723892
25228763
51845589
45902199
83709348
26493221
43186240
12502219
84588031
23890349
79639610
99736752
15455124
98412402
69629704
82376107
62415277
13780767
24773399
77154951
18135406
66176393
37347279
83920390
2616473
38346126
45977820
35593479
82366322
41590913
6924818
66399918
4040173
83113082
45173289
42498929
12523158
11976113
38590645
5979625
57009275
18251845
24499600
15233809
28581075
25492176
73114256
35841803
10469210
83222445
98435043
96490554
39617654
8922178
73935697
51015389
27711652
51709196
45408050
64080183
75804229
27029521
25479988
1815533
41301534
80318986
86421697
70594316
40656443
24675907
3053056
42201492
62716664
57247385
98295570
35743916
21885136
45825868
27375540
76967667
45928555
99307901
87784601
64606918
90349784
79725947
88837648
39783327
59383554
23937250
2649955
9435325
83068726
39296667
33018835
26429417
18223081
25795794
31353588
21911344
28608972
78963448
95685397
64374676
15904856
73591011
56606605
47915438
21192921
5890573
73800555
57567780
37628735
24161290
85786316
30684909
19853467
34672031
17250979
53340229
6829854
45040221
31476969
6488037
85672687
863215
9247482
48177154
44604695
39704967
72276831
16521568
94542116
26837227
41234079
65149595
49856218
66732078
24724157
64126096
31440226
54167230
12964547
38392123
49158435
19451959
22574012
42289216
46933133
97242954
76508600
49864603
91667132
20653828
1720670
95397043
70165027
68853112
54989894
92506186
25770375
8650314
84497462
77686697
73041404
16384768
57628330
24953084
90626526
87930807
79243844
8705066
25241602
96669347
48282561
14500687
36447632
37536557
78357940
64861334
73443752
19979678
36214505
72142018
67579947
53701744
93390967
75793952
6030123
42343500
50992774
45073219
97925106
6618716
99315143
99061738
62502255
74041101
98522012
90885102
33340045
43126713
98719554
16422510
60216788
59224271
58137831
84630281
75535677
23471575
79575877
5571044
6416833
46871419
41104298
1086310
18591666
41937448
74766269
36571941
37114380
74302969
96380208
36394633
27422399
94675181
69191464
4581788
14209784
76548740
60383976
74047371
17207007
44309678
54625498
18160091
53725214
43796279
82982507
16904554
62206181
79591877
4616997
76868846
47603571
64090886
9628955
34547591
67993210
47293797
92395779
5408330
15846812
59492370
55652840
99145579
54561621
3920881
14331338
37307580
38082802
69733083
85128424
75760557
97958040
51460996
50046579
16993082
29013699
25060652
20021751
93054633
50692248
80002523
70864260
36854958
13129642
79920705
12011696
35614563
20795967
89033669
36681635
34204315
6369402
40997082
90214252
37712179
12579684
96379258
42821050
19081265
30977175
37284704
35385702
85002639
16927564
14263826
69578245
71962560
11162610
76946120
93006363
69493031
846348
81545930
90181245
84697099
42606651
2250972
19978257
32331608
37195385
47557336
43469328
7690127
25343824
46316514
62119497
63482904
55703079
66846288
99217153
74924791
69088023
36806425
33528668
72541540
14633923
96473426
5729908
90901453
94519846
98963720
16398702
55665219
78063375
84895039
51164163
77045560
23268897
70708772
68913380
23833139
22960432
67810184
21863418
30063071
63781996
12247585
31485238
74477221
74089463
34345682
39480021
90055007
39385098
92045645
36662804
38934222
87189015
13108842
29121337
56052890
66343399
82243835
75879608
90475611
8515695
57996291
46628601
27843125
75161041
71835113
29700879
36362255
16659048
31386691
38280022
30984734
20753870
97874616
65419096
64334334
60318204
76173193
28054426
95355864
14568507
49234002
86274631
12299271
26692518
9935833
60474678
1586350
96455521
56767928
73286472
21227078
16879823
964460
842145
42759536
38908248
75029124
78509328
31657845
40185308
40620251
93649180
58947198
44612253
94946533
80559418
68215830
32893753
64979127
80108490
76442265
27827379
25282216
72698481
92556493
48908458
26741074
87774223
53949648
11129052
21742597
72906548
11787902
98617626
79446537
9149819
54966218
85056741
74808246
23118780
43719216
96980580
33417664
81832896
77508812
54329542
8536218
58682842
59632255
80340811
58425790
49441596
7065743
55633182
33610239
22697016
62577666
3267958
73854522
85748514
66474020
26543173
68240952
30564030
61415743
12296412
11949407
27332326
73577153
45852
82513713
78130692
24714522
56413222
43260179
89767643
41356926
81552883
81998650
21391429
1270070
29608809
9716911
90592004
41166861
99853033
50470931
88998520
5447608
72878067
95791215
75760567
89546370
94622572
22158457
74284890
52682132
47576971
99880830
84689668
3293704
56954346
17369522
6908191
2472629
43000078
28786459
6551230
62839057
62649822
85650932
50781368
42753986
93212418
23441336
73450603
14735072
9791166
58596292
45824743
31067293
86403710
1801780
99913549
50073262
13881184
16613145
83085863
55104148
34790792
52475369
48116864
69195889
73909529
90739537
37266196
54206974
17818168
9513917
4076858
88373501
4114609
18654117
7862757
41979232
25266369
81748674
20120951
13102232
92509621
46554847
91112251
67926244
58742259
29083693
86118103
97321357
79581788
99132284
75821158
11086376
65104770
30046482
33624425
13557315
15366784
3035670
11974781
7080048
21111166
74240293
86413088
14052768
97042049
27318379
94783910
97042049